,Date,Close,High,Low,Open,Volume,Ticker
0,2014-01-02,57.43999862670898,57.58000183105469,54.0099983215332,54.27999877929688,5404200,FSLR
1,2014-01-03,56.7400016784668,58.29999923706055,55.84999847412109,57.59000015258789,4118700,FSLR
2,2014-01-06,51.2599983215332,54.630001068115234,51.0099983215332,54.25,11791700,FSLR
3,2014-01-07,52.4900016784668,53.88999938964844,52.060001373291016,52.150001525878906,6661900,FSLR
4,2014-01-08,51.68000030517578,52.88999938964844,51.40999984741211,52.290000915527344,4930200,FSLR
5,2014-01-09,52.11000061035156,52.84999847412109,51.810001373291016,52.02999877929688,4159900,FSLR
6,2014-01-10,51.970001220703125,52.68999862670898,51.380001068115234,52.310001373291016,2829700,FSLR
7,2014-01-13,49.86000061035156,51.97999954223633,49.40999984741211,51.91999816894531,4422500,FSLR
8,2014-01-14,51.04999923706055,51.5,50.08000183105469,50.119998931884766,4564000,FSLR
9,2014-01-15,51.9900016784668,52.560001373291016,51.34999847412109,51.470001220703125,3409900,FSLR
10,2014-01-16,52.20000076293945,53.650001525878906,51.86000061035156,52.79999923706055,5121200,FSLR
11,2014-01-17,51.880001068115234,53.16999816894531,51.59999847412109,52.02000045776367,4047900,FSLR
12,2014-01-21,51.810001373291016,52.380001068115234,50.45000076293945,51.97999954223633,3268800,FSLR
13,2014-01-22,52.040000915527344,52.45000076293945,51.560001373291016,52.060001373291016,2552100,FSLR
14,2014-01-23,50.43999862670898,51.79999923706055,49.90999984741211,51.54999923706055,3242800,FSLR
15,2014-01-24,48.66999816894531,49.9900016784668,48.11000061035156,49.75,3878100,FSLR
16,2014-01-27,48.84000015258789,50.119998931884766,47.75,48.33000183105469,3206600,FSLR
17,2014-01-28,50.36000061035156,50.45000076293945,49.02000045776367,49.380001068115234,2505900,FSLR
18,2014-01-29,49.70000076293945,50.91999816894531,49.11000061035156,49.5,2670500,FSLR
19,2014-01-30,51.470001220703125,52.130001068115234,49.790000915527344,50.459999084472656,2900400,FSLR
20,2014-01-31,50.58000183105469,51.91999816894531,50.29999923706055,50.459999084472656,2654300,FSLR
21,2014-02-03,48.34999847412109,50.84999847412109,47.63999938964844,50.40999984741211,3970200,FSLR
22,2014-02-04,49.11000061035156,49.43000030517578,48.34999847412109,48.900001525878906,2257300,FSLR
23,2014-02-05,47.72999954223633,48.84999847412109,47.040000915527344,48.27000045776367,3398800,FSLR
24,2014-02-06,48.20000076293945,48.95000076293945,47.810001373291016,48.0099983215332,2302700,FSLR
25,2014-02-07,49.83000183105469,49.91999816894531,48.29999923706055,48.91999816894531,2863000,FSLR
26,2014-02-10,51.09999847412109,51.47999954223633,49.70000076293945,49.970001220703125,3321200,FSLR
27,2014-02-11,51.459999084472656,52.33000183105469,50.84999847412109,51.45000076293945,3296800,FSLR
28,2014-02-12,51.58000183105469,52.77999877929688,51.29999923706055,51.77999877929688,2327800,FSLR
29,2014-02-13,52.84999847412109,52.93999862670898,50.02999877929688,50.540000915527344,4079600,FSLR
30,2014-02-14,53.16999816894531,53.65999984741211,52.0099983215332,53.20000076293945,3185200,FSLR
31,2014-02-18,56.86000061035156,57.16999816894531,53.540000915527344,53.68000030517578,5908600,FSLR
32,2014-02-19,55.970001220703125,57.95000076293945,55.61000061035156,56.630001068115234,4690300,FSLR
33,2014-02-20,56.880001068115234,57.29999923706055,55.119998931884766,56.06999969482422,3014100,FSLR
34,2014-02-21,55.93000030517578,57.540000915527344,55.70000076293945,57.369998931884766,2771400,FSLR
35,2014-02-24,57.75,58.84999847412109,56.369998931884766,56.59000015258789,4110500,FSLR
36,2014-02-25,58.02999877929688,58.75,56.90999984741211,58.5,7231600,FSLR
37,2014-02-26,52.7400016784668,53.59999847412109,49.52000045776367,50.150001525878906,16541900,FSLR
38,2014-02-27,57.18999862670898,57.29999923706055,54.0,54.09000015258789,9842600,FSLR
39,2014-02-28,57.06999969482422,57.7400016784668,56.290000915527344,57.13999938964844,4567000,FSLR
40,2014-03-03,55.959999084472656,57.36000061035156,55.09999847412109,55.709999084472656,3891600,FSLR
41,2014-03-04,57.709999084472656,58.04999923706055,56.25,56.630001068115234,3985200,FSLR
42,2014-03-05,58.150001525878906,59.09999847412109,57.369998931884766,57.5,3489100,FSLR
43,2014-03-06,58.2400016784668,59.43999862670898,57.52999877929688,58.38999938964844,3096500,FSLR
44,2014-03-07,56.11000061035156,58.70000076293945,55.720001220703125,58.630001068115234,4286700,FSLR
45,2014-03-10,54.84000015258789,56.36000061035156,54.43000030517578,55.93999862670898,2844200,FSLR
46,2014-03-11,53.47999954223633,55.709999084472656,53.09000015258789,55.06999969482422,3069400,FSLR
47,2014-03-12,53.70000076293945,54.4900016784668,52.790000915527344,53.11000061035156,2200100,FSLR
48,2014-03-13,53.02999877929688,54.459999084472656,52.41999816894531,53.970001220703125,2940700,FSLR
49,2014-03-14,54.02999877929688,54.34000015258789,52.68000030517578,52.68000030517578,2526700,FSLR
50,2014-03-17,56.52000045776367,56.9900016784668,54.75,55.380001068115234,4576400,FSLR
51,2014-03-18,57.560001373291016,58.20000076293945,56.130001068115234,56.54999923706055,4396600,FSLR
52,2014-03-19,69.4000015258789,70.98999786376953,56.959999084472656,57.09999847412109,30879300,FSLR
53,2014-03-20,70.4800033569336,73.73999786376953,68.52999877929688,70.16999816894531,21779000,FSLR
54,2014-03-21,73.37000274658203,73.97000122070312,69.55000305175781,70.0,11885000,FSLR
55,2014-03-24,73.87000274658203,74.83999633789062,71.0199966430664,72.86000061035156,8154900,FSLR
56,2014-03-25,72.08000183105469,74.19999694824219,70.45999908447266,74.0,6868400,FSLR
57,2014-03-26,68.48999786376953,72.5,68.37000274658203,71.9800033569336,6226700,FSLR
58,2014-03-27,69.75,70.5,67.18000030517578,68.58000183105469,5715100,FSLR
59,2014-03-28,68.63999938964844,71.1500015258789,68.37999725341797,70.30999755859375,3744600,FSLR
60,2014-03-31,69.79000091552734,70.48999786376953,68.94000244140625,69.55000305175781,2961200,FSLR
61,2014-04-01,70.88999938964844,71.62000274658203,69.91000366210938,70.04000091552734,3779800,FSLR
62,2014-04-02,71.93000030517578,72.79000091552734,70.30999755859375,71.05999755859375,3804000,FSLR
63,2014-04-03,68.45999908447266,72.0999984741211,67.63999938964844,71.9000015258789,4677500,FSLR
64,2014-04-04,69.72000122070312,72.95999908447266,68.66000366210938,69.68000030517578,6891300,FSLR
65,2014-04-07,68.0,71.20999908447266,67.05000305175781,69.12000274658203,5185700,FSLR
66,2014-04-08,72.7699966430664,74.0,68.45999908447266,68.70999908447266,6764700,FSLR
67,2014-04-09,73.33999633789062,74.18000030517578,71.30999755859375,73.26000213623047,5429700,FSLR
68,2014-04-10,69.62999725341797,73.77999877929688,69.30000305175781,73.18000030517578,4773600,FSLR
69,2014-04-11,67.58999633789062,70.52999877929688,66.94999694824219,68.69999694824219,4977600,FSLR
70,2014-04-14,68.30000305175781,69.27999877929688,66.7699966430664,68.4800033569336,3594500,FSLR
71,2014-04-15,66.38999938964844,68.5999984741211,63.310001373291016,68.23999786376953,5159000,FSLR
72,2014-04-16,67.58999633789062,67.94999694824219,65.33999633789062,67.05000305175781,2722800,FSLR
73,2014-04-17,67.31999969482422,68.94999694824219,66.69999694824219,67.86000061035156,2534600,FSLR
74,2014-04-21,69.20999908447266,69.2300033569336,66.5,67.41999816894531,2406300,FSLR
75,2014-04-22,71.12000274658203,72.19999694824219,69.19999694824219,70.04000091552734,3453700,FSLR
76,2014-04-23,70.04000091552734,72.41000366210938,69.9000015258789,71.18000030517578,2937600,FSLR
77,2014-04-24,70.62000274658203,71.45999908447266,68.7699966430664,70.83999633789062,2553200,FSLR
78,2014-04-25,68.62999725341797,71.33000183105469,68.19999694824219,69.69000244140625,2649600,FSLR
79,2014-04-28,65.91999816894531,69.0,64.08999633789062,68.61000061035156,3863300,FSLR
80,2014-04-29,66.27999877929688,66.83000183105469,64.5999984741211,66.4800033569336,2448800,FSLR
81,2014-04-30,67.48999786376953,67.5,65.70999908447266,66.0999984741211,2360900,FSLR
82,2014-05-01,67.2699966430664,70.0,66.94999694824219,66.95999908447266,2726800,FSLR
83,2014-05-02,68.02999877929688,68.87000274658203,67.05000305175781,67.72000122070312,2213100,FSLR
84,2014-05-05,68.41999816894531,68.9000015258789,66.70999908447266,67.19000244140625,2160700,FSLR
85,2014-05-06,67.44999694824219,69.38999938964844,66.6500015258789,68.5999984741211,3686300,FSLR
86,2014-05-07,63.56999969482422,69.29000091552734,61.810001373291016,67.80000305175781,8460800,FSLR
87,2014-05-08,63.43000030517578,66.91999816894531,62.59000015258789,64.11000061035156,4471300,FSLR
88,2014-05-09,63.209999084472656,64.69000244140625,62.380001068115234,63.380001068115234,2812200,FSLR
89,2014-05-12,63.83000183105469,65.29000091552734,62.810001373291016,63.54999923706055,3370000,FSLR
90,2014-05-13,63.04999923706055,64.19000244140625,62.70000076293945,63.59000015258789,3298600,FSLR
91,2014-05-14,61.88999938964844,63.4900016784668,61.70000076293945,62.68999862670898,2342000,FSLR
92,2014-05-15,60.09999847412109,61.5,58.81999969482422,61.470001220703125,3674200,FSLR
93,2014-05-16,59.63999938964844,60.22999954223633,58.56999969482422,59.619998931884766,2438600,FSLR
94,2014-05-19,59.83000183105469,60.4900016784668,58.84000015258789,58.9900016784668,2279300,FSLR
95,2014-05-20,58.630001068115234,59.970001220703125,57.79999923706055,59.880001068115234,3103400,FSLR
96,2014-05-21,60.38999938964844,60.47999954223633,58.68999862670898,59.209999084472656,2836400,FSLR
97,2014-05-22,60.630001068115234,61.7400016784668,60.150001525878906,60.65999984741211,2161400,FSLR
98,2014-05-23,60.66999816894531,61.29999923706055,60.02000045776367,60.709999084472656,1633800,FSLR
99,2014-05-27,61.2599983215332,62.47999954223633,60.970001220703125,61.25,2480400,FSLR
100,2014-05-28,61.869998931884766,63.34999847412109,61.790000915527344,62.15999984741211,2519100,FSLR
101,2014-05-29,63.40999984741211,63.97999954223633,62.0099983215332,62.02000045776367,2733600,FSLR
102,2014-05-30,61.77999877929688,63.97999954223633,61.27000045776367,63.61000061035156,2448100,FSLR
103,2014-06-02,62.70000076293945,62.9900016784668,61.119998931884766,62.290000915527344,2091800,FSLR
104,2014-06-03,62.93000030517578,63.45000076293945,61.70000076293945,62.81999969482422,2317600,FSLR
105,2014-06-04,65.38999938964844,66.87999725341797,63.58000183105469,64.23999786376953,7909000,FSLR
106,2014-06-05,64.0199966430664,65.83000183105469,63.66999816894531,65.44999694824219,3061500,FSLR
107,2014-06-06,62.880001068115234,64.63999938964844,62.65999984741211,64.20999908447266,2612600,FSLR
108,2014-06-09,62.56999969482422,63.75,62.040000915527344,62.68000030517578,1867900,FSLR
109,2014-06-10,62.31999969482422,63.150001525878906,61.810001373291016,62.560001373291016,1759400,FSLR
110,2014-06-11,63.540000915527344,64.7699966430664,61.84000015258789,61.91999816894531,3018700,FSLR
111,2014-06-12,63.900001525878906,64.54000091552734,62.7599983215332,63.70000076293945,2820800,FSLR
112,2014-06-13,64.47000122070312,65.02999877929688,63.130001068115234,63.68000030517578,1822300,FSLR
113,2014-06-16,66.8499984741211,67.0,64.5,64.61000061035156,4145600,FSLR
114,2014-06-17,69.12999725341797,69.5999984741211,66.66000366210938,66.8499984741211,4876400,FSLR
115,2014-06-18,69.75,69.94000244140625,68.16000366210938,69.02999877929688,3675100,FSLR
116,2014-06-19,68.2699966430664,70.0,67.76000213623047,69.69000244140625,2553800,FSLR
117,2014-06-20,68.9000015258789,69.48999786376953,68.01000213623047,68.56999969482422,2606900,FSLR
118,2014-06-23,70.1500015258789,71.56999969482422,67.88999938964844,68.9000015258789,5198700,FSLR
119,2014-06-24,68.70999908447266,70.94000244140625,68.43000030517578,69.97000122070312,3282500,FSLR
120,2014-06-25,70.18000030517578,70.80000305175781,68.18000030517578,68.5,2154100,FSLR
121,2014-06-26,71.47000122070312,72.45999908447266,70.1500015258789,70.20999908447266,4028500,FSLR
122,2014-06-27,71.4000015258789,72.0,70.8499984741211,71.16999816894531,2376500,FSLR
123,2014-06-30,71.05999755859375,72.68000030517578,70.83999633789062,71.8499984741211,2221300,FSLR
124,2014-07-01,70.69000244140625,71.58000183105469,69.69999694824219,71.5199966430664,2212200,FSLR
125,2014-07-02,69.8499984741211,71.80000305175781,69.61000061035156,71.05000305175781,1823400,FSLR
126,2014-07-03,69.5,70.41999816894531,69.0199966430664,70.05000305175781,1078000,FSLR
127,2014-07-07,67.72000122070312,69.94999694824219,66.72000122070312,69.51000213623047,2983100,FSLR
128,2014-07-08,64.38999938964844,67.70999908447266,62.40999984741211,67.19000244140625,7268800,FSLR
129,2014-07-09,64.41999816894531,65.73999786376953,64.11000061035156,64.69000244140625,2567600,FSLR
130,2014-07-10,63.66999816894531,64.20999908447266,62.040000915527344,62.65999984741211,2820500,FSLR
131,2014-07-11,63.43000030517578,64.4000015258789,62.22999954223633,64.02999877929688,2711900,FSLR
132,2014-07-14,63.27000045776367,64.23999786376953,63.08000183105469,63.880001068115234,1560800,FSLR
133,2014-07-15,62.95000076293945,64.29000091552734,62.59999847412109,63.45000076293945,1496000,FSLR
134,2014-07-16,63.459999084472656,63.790000915527344,63.04999923706055,63.41999816894531,1866100,FSLR
135,2014-07-17,61.45000076293945,63.650001525878906,61.2599983215332,63.04999923706055,2603200,FSLR
136,2014-07-18,62.36000061035156,62.66999816894531,60.75,61.56999969482422,2349500,FSLR
137,2014-07-21,62.900001525878906,63.08000183105469,61.7599983215332,62.209999084472656,1556200,FSLR
138,2014-07-22,63.470001220703125,63.95000076293945,62.91999816894531,63.5,1335200,FSLR
139,2014-07-23,62.810001373291016,63.619998931884766,62.52999877929688,63.470001220703125,1487500,FSLR
140,2014-07-24,63.29999923706055,63.540000915527344,62.02999877929688,62.959999084472656,1572300,FSLR
141,2014-07-25,64.05000305175781,64.41999816894531,62.84000015258789,63.16999816894531,2376300,FSLR
142,2014-07-28,65.52999877929688,66.68000030517578,65.30999755859375,65.30999755859375,3315000,FSLR
143,2014-07-29,65.38999938964844,66.5,65.31999969482422,66.19999694824219,2010900,FSLR
144,2014-07-30,65.58000183105469,66.1500015258789,65.31999969482422,66.0,1388600,FSLR
145,2014-07-31,63.11000061035156,65.36000061035156,62.810001373291016,65.0,2568800,FSLR
146,2014-08-01,62.02999877929688,62.9900016784668,60.58000183105469,62.4900016784668,2984400,FSLR
147,2014-08-04,63.13999938964844,64.0,62.400001525878906,62.400001525878906,2515900,FSLR
148,2014-08-05,63.65999984741211,64.7699966430664,62.86000061035156,63.95000076293945,4083600,FSLR
149,2014-08-06,65.5999984741211,65.94000244140625,60.150001525878906,61.68000030517578,9419200,FSLR
150,2014-08-07,68.16999816894531,68.94000244140625,65.72000122070312,66.33999633789062,6131000,FSLR
151,2014-08-08,67.83000183105469,68.48999786376953,67.01000213623047,68.0,2725000,FSLR
152,2014-08-11,69.16999816894531,70.36000061035156,67.87999725341797,68.02999877929688,2899500,FSLR
153,2014-08-12,69.06999969482422,70.05000305175781,68.30000305175781,69.62999725341797,2081300,FSLR
154,2014-08-13,69.5,69.97000122070312,68.91000366210938,69.63999938964844,2106400,FSLR
155,2014-08-14,69.20999908447266,69.80000305175781,68.02999877929688,69.5999984741211,1638400,FSLR
156,2014-08-15,69.12000274658203,70.0199966430664,68.2699966430664,69.47000122070312,1992400,FSLR
157,2014-08-18,70.27999877929688,70.69000244140625,69.33999633789062,69.55000305175781,1959300,FSLR
158,2014-08-19,70.16000366210938,71.1500015258789,70.05000305175781,70.33999633789062,1616900,FSLR
159,2014-08-20,70.83000183105469,71.06999969482422,69.33000183105469,69.9000015258789,1484800,FSLR
160,2014-08-21,70.69999694824219,71.0,70.08999633789062,70.83000183105469,1106500,FSLR
161,2014-08-22,70.45999908447266,70.69999694824219,69.58000183105469,70.5,1116900,FSLR
162,2014-08-25,71.16000366210938,71.75,70.55999755859375,71.04000091552734,1252200,FSLR
163,2014-08-26,71.0199966430664,71.36000061035156,70.25,70.80000305175781,1006700,FSLR
164,2014-08-27,70.0,71.3499984741211,69.80000305175781,70.95999908447266,1450700,FSLR
165,2014-08-28,69.1500015258789,69.80000305175781,68.2699966430664,69.31999969482422,1858600,FSLR
166,2014-08-29,69.68000030517578,69.94999694824219,69.20999908447266,69.20999908447266,964800,FSLR
167,2014-09-02,69.41000366210938,70.0,68.91000366210938,69.70999908447266,1065000,FSLR
168,2014-09-03,71.66000366210938,72.3499984741211,69.6500015258789,69.73999786376953,3099400,FSLR
169,2014-09-04,71.55000305175781,73.5,71.25,71.62999725341797,2439500,FSLR
170,2014-09-05,71.47000122070312,72.0,70.41999816894531,71.44999694824219,1311800,FSLR
171,2014-09-08,71.79000091552734,73.06999969482422,71.30000305175781,71.55000305175781,1418800,FSLR
172,2014-09-09,70.9000015258789,72.47000122070312,70.7300033569336,71.66000366210938,1439500,FSLR
173,2014-09-10,70.97000122070312,71.43000030517578,69.51000213623047,70.69999694824219,1622300,FSLR
174,2014-09-11,71.62000274658203,71.63999938964844,70.30000305175781,70.69999694824219,1170700,FSLR
175,2014-09-12,72.77999877929688,73.77999877929688,71.41999816894531,71.52999877929688,3085100,FSLR
176,2014-09-15,69.91999816894531,72.9800033569336,69.80000305175781,72.63999938964844,2242300,FSLR
177,2014-09-16,70.69000244140625,70.73999786376953,68.55000305175781,69.69999694824219,1545300,FSLR
178,2014-09-17,71.69000244140625,72.41999816894531,70.94000244140625,71.16000366210938,1608800,FSLR
179,2014-09-18,71.69000244140625,72.19999694824219,71.30999755859375,72.0199966430664,1185700,FSLR
180,2014-09-19,70.87000274658203,72.33000183105469,70.16000366210938,71.88999938964844,2441300,FSLR
181,2014-09-22,67.16999816894531,70.83000183105469,66.91000366210938,70.44000244140625,2706700,FSLR
182,2014-09-23,67.75,69.19999694824219,66.93000030517578,66.93000030517578,1826800,FSLR
183,2014-09-24,68.43000030517578,68.9800033569336,67.19999694824219,67.8499984741211,1593100,FSLR
184,2014-09-25,67.19999694824219,68.5,66.86000061035156,68.47000122070312,1399800,FSLR
185,2014-09-26,67.97000122070312,68.06999969482422,67.01000213623047,67.58000183105469,1033600,FSLR
186,2014-09-29,67.5199966430664,67.86000061035156,66.18000030517578,66.87000274658203,1256300,FSLR
187,2014-09-30,65.80999755859375,67.62999725341797,64.93000030517578,67.61000061035156,2347200,FSLR
188,2014-10-01,63.709999084472656,65.87000274658203,63.25,65.81999969482422,1672600,FSLR
189,2014-10-02,63.83000183105469,64.8499984741211,62.15999984741211,63.900001525878906,2240600,FSLR
190,2014-10-03,64.0999984741211,65.06999969482422,63.869998931884766,64.5199966430664,1345400,FSLR
191,2014-10-06,62.369998931884766,64.43000030517578,61.61000061035156,64.30999755859375,2399600,FSLR
192,2014-10-07,60.41999816894531,62.220001220703125,60.38999938964844,62.209999084472656,2139400,FSLR
193,2014-10-08,62.18999862670898,62.65999984741211,58.810001373291016,60.400001525878906,2679500,FSLR
194,2014-10-09,56.4900016784668,61.5,56.470001220703125,61.34000015258789,5326300,FSLR
195,2014-10-10,53.720001220703125,56.08000183105469,53.52999877929688,55.790000915527344,4530800,FSLR
196,2014-10-13,50.5099983215332,54.72999954223633,50.36000061035156,53.90999984741211,4620000,FSLR
197,2014-10-14,52.0,53.06999969482422,50.130001068115234,51.369998931884766,4162800,FSLR
198,2014-10-15,53.2400016784668,53.81999969482422,50.5099983215332,50.84999847412109,4498000,FSLR
199,2014-10-16,54.220001220703125,55.13999938964844,51.59999847412109,52.22999954223633,2546200,FSLR
200,2014-10-17,53.22999954223633,55.97999954223633,52.75,55.38999938964844,2856600,FSLR
201,2014-10-20,54.369998931884766,54.61000061035156,52.61000061035156,53.22999954223633,1909900,FSLR
202,2014-10-21,56.34999847412109,56.59999847412109,54.93000030517578,55.02999877929688,2157000,FSLR
203,2014-10-22,54.75,56.9900016784668,54.5099983215332,56.4900016784668,2486100,FSLR
204,2014-10-23,56.27000045776367,56.86000061035156,55.11000061035156,55.310001373291016,2035400,FSLR
205,2014-10-24,56.43999862670898,56.93000030517578,55.130001068115234,56.13999938964844,1442300,FSLR
206,2014-10-27,54.290000915527344,56.0099983215332,53.970001220703125,56.0099983215332,2398800,FSLR
207,2014-10-28,57.380001068115234,57.41999816894531,54.060001373291016,54.84999847412109,2793200,FSLR
208,2014-10-29,56.15999984741211,58.0,55.27000045776367,57.43999862670898,1876600,FSLR
209,2014-10-30,56.09999847412109,56.400001525878906,54.61000061035156,55.84999847412109,2017900,FSLR
210,2014-10-31,58.900001525878906,58.970001220703125,56.59999847412109,57.400001525878906,2533600,FSLR
211,2014-11-03,58.310001373291016,59.77999877929688,58.060001373291016,58.77999877929688,1849900,FSLR
212,2014-11-04,56.869998931884766,58.40999984741211,56.810001373291016,57.93000030517578,1667900,FSLR
213,2014-11-05,56.2599983215332,57.72999954223633,56.02999877929688,57.04999923706055,1819400,FSLR
214,2014-11-06,56.40999984741211,57.34999847412109,55.79999923706055,56.45000076293945,3206500,FSLR
215,2014-11-07,50.290000915527344,53.47999954223633,50.0,52.720001220703125,11166100,FSLR
216,2014-11-10,51.959999084472656,52.59999847412109,50.70000076293945,50.790000915527344,4773100,FSLR
217,2014-11-11,50.9900016784668,52.34999847412109,50.7599983215332,51.90999984741211,2187700,FSLR
218,2014-11-12,49.59000015258789,51.38999938964844,49.18000030517578,51.11000061035156,3819000,FSLR
219,2014-11-13,47.560001373291016,49.400001525878906,47.130001068115234,49.25,4233700,FSLR
220,2014-11-14,48.4900016784668,48.65999984741211,45.93999862670898,47.310001373291016,3790800,FSLR
221,2014-11-17,47.95000076293945,49.150001525878906,47.20000076293945,48.09999847412109,2503400,FSLR
222,2014-11-18,49.459999084472656,49.68000030517578,48.25,48.40999984741211,2944300,FSLR
223,2014-11-19,48.81999969482422,49.68999862670898,48.25,49.5,2017400,FSLR
224,2014-11-20,49.43000030517578,49.90999984741211,47.880001068115234,48.5099983215332,1720400,FSLR
225,2014-11-21,49.7599983215332,50.77999877929688,49.630001068115234,50.220001220703125,1933200,FSLR
226,2014-11-24,50.65999984741211,50.709999084472656,49.5,49.58000183105469,1893500,FSLR
227,2014-11-25,51.040000915527344,51.09999847412109,50.150001525878906,50.66999816894531,1839800,FSLR
228,2014-11-26,51.52999877929688,51.869998931884766,50.79999923706055,50.959999084472656,1506700,FSLR
229,2014-11-28,48.79999923706055,50.25,47.88999938964844,50.2400016784668,2979700,FSLR
230,2014-12-01,45.7599983215332,48.77999877929688,45.459999084472656,48.290000915527344,3813300,FSLR
231,2014-12-02,46.41999816894531,46.90999984741211,45.52000045776367,45.56999969482422,1724800,FSLR
232,2014-12-03,47.119998931884766,47.560001373291016,46.5099983215332,46.59999847412109,2582200,FSLR
233,2014-12-04,46.720001220703125,47.22999954223633,46.13999938964844,47.11000061035156,1643100,FSLR
234,2014-12-05,46.90999984741211,47.54999923706055,46.650001525878906,46.880001068115234,1331400,FSLR
235,2014-12-08,44.650001525878906,47.040000915527344,44.40999984741211,46.75,2571400,FSLR
236,2014-12-09,45.060001373291016,45.20000076293945,42.68000030517578,44.0,2675700,FSLR
237,2014-12-10,43.06999969482422,45.20000076293945,42.91999816894531,44.88999938964844,2820000,FSLR
238,2014-12-11,43.040000915527344,44.27000045776367,42.84000015258789,43.400001525878906,1373600,FSLR
239,2014-12-12,42.119998931884766,43.11000061035156,42.02999877929688,42.58000183105469,1827500,FSLR
240,2014-12-15,41.65999984741211,42.9900016784668,41.43999862670898,42.36000061035156,1720300,FSLR
241,2014-12-16,40.900001525878906,42.70000076293945,40.77999877929688,41.2599983215332,4958600,FSLR
242,2014-12-17,42.34999847412109,42.40999984741211,40.540000915527344,41.22999954223633,2393000,FSLR
243,2014-12-18,45.209999084472656,45.70000076293945,43.36000061035156,43.36000061035156,4563300,FSLR
244,2014-12-19,45.02999877929688,45.59000015258789,44.29999923706055,45.43999862670898,3501300,FSLR
245,2014-12-22,43.84000015258789,45.22999954223633,43.84000015258789,45.04999923706055,2204900,FSLR
246,2014-12-23,44.060001373291016,44.75,43.75,43.84000015258789,1997600,FSLR
247,2014-12-24,43.66999816894531,44.2400016784668,43.27000045776367,43.9900016784668,862500,FSLR
248,2014-12-26,44.34000015258789,45.43000030517578,43.79999923706055,43.970001220703125,1518400,FSLR
249,2014-12-29,44.41999816894531,45.0,44.15999984741211,44.2599983215332,1202400,FSLR
250,2014-12-30,44.52000045776367,44.650001525878906,43.630001068115234,43.93999862670898,1458600,FSLR
251,2014-12-31,44.59999847412109,45.38999938964844,43.470001220703125,44.52000045776367,1970500,FSLR
252,2015-01-02,44.54999923706055,45.34000015258789,43.720001220703125,44.720001220703125,1873800,FSLR
253,2015-01-05,41.83000183105469,43.97999954223633,41.5099983215332,43.880001068115234,3668000,FSLR
254,2015-01-06,40.86000061035156,42.0099983215332,39.880001068115234,42.0099983215332,3712200,FSLR
255,2015-01-07,41.75,42.470001220703125,41.400001525878906,42.0,2869800,FSLR
256,2015-01-08,43.630001068115234,43.68000030517578,42.02999877929688,42.38999938964844,3205400,FSLR
257,2015-01-09,44.20000076293945,44.43999862670898,42.83000183105469,43.90999984741211,1965600,FSLR
258,2015-01-12,42.83000183105469,43.88999938964844,42.150001525878906,43.810001373291016,2358900,FSLR
259,2015-01-13,42.709999084472656,44.4900016784668,42.33000183105469,43.20000076293945,2455100,FSLR
260,2015-01-14,42.27999877929688,42.81999969482422,41.38999938964844,42.040000915527344,2131100,FSLR
261,2015-01-15,40.15999984741211,43.09000015258789,40.119998931884766,42.75,2499000,FSLR
262,2015-01-16,40.720001220703125,41.060001373291016,39.810001373291016,40.18000030517578,2787600,FSLR
263,2015-01-20,39.83000183105469,40.720001220703125,39.18000030517578,40.66999816894531,2071000,FSLR
264,2015-01-21,41.400001525878906,41.900001525878906,39.68999862670898,39.77000045776367,2434700,FSLR
265,2015-01-22,41.900001525878906,42.0,40.56999969482422,41.7400016784668,1740300,FSLR
266,2015-01-23,42.540000915527344,43.09999847412109,41.5,41.7400016784668,1797400,FSLR
267,2015-01-26,44.16999816894531,44.380001068115234,42.02999877929688,42.34999847412109,1745100,FSLR
268,2015-01-27,43.720001220703125,44.040000915527344,42.68999862670898,43.29999923706055,1915900,FSLR
269,2015-01-28,42.70000076293945,44.47999954223633,42.52999877929688,43.65999984741211,2192600,FSLR
270,2015-01-29,42.36000061035156,42.9900016784668,41.150001525878906,42.880001068115234,1604800,FSLR
271,2015-01-30,42.31999969482422,43.220001220703125,41.81999969482422,41.91999816894531,1944500,FSLR
272,2015-02-02,45.47999954223633,45.63999938964844,42.59000015258789,42.68000030517578,3311200,FSLR
273,2015-02-03,48.15999984741211,48.619998931884766,46.150001525878906,46.18999862670898,4290400,FSLR
274,2015-02-04,46.97999954223633,47.95000076293945,46.220001220703125,47.459999084472656,2236800,FSLR
275,2015-02-05,46.900001525878906,47.650001525878906,46.290000915527344,47.2400016784668,1766500,FSLR
276,2015-02-06,46.900001525878906,47.869998931884766,46.75,46.9900016784668,1406800,FSLR
277,2015-02-09,46.33000183105469,47.68000030517578,46.060001373291016,46.77999877929688,2359600,FSLR
278,2015-02-10,48.540000915527344,48.68999862670898,44.619998931884766,46.70000076293945,9140400,FSLR
279,2015-02-11,48.77000045776367,50.290000915527344,48.119998931884766,49.84999847412109,12070000,FSLR
280,2015-02-12,49.41999816894531,49.84999847412109,48.709999084472656,49.27000045776367,3267500,FSLR
281,2015-02-13,48.84000015258789,49.9900016784668,48.619998931884766,49.63999938964844,2695900,FSLR
282,2015-02-17,49.619998931884766,49.84999847412109,48.33000183105469,49.15999984741211,2467800,FSLR
283,2015-02-18,48.84000015258789,50.790000915527344,48.59000015258789,49.59999847412109,3780900,FSLR
284,2015-02-19,48.40999984741211,48.97999954223633,47.34999847412109,48.06999969482422,1971700,FSLR
285,2015-02-20,49.02000045776367,49.619998931884766,48.20000076293945,48.65999984741211,2091000,FSLR
286,2015-02-23,49.63999938964844,49.970001220703125,48.5,49.04999923706055,3228100,FSLR
287,2015-02-24,54.70000076293945,57.88999938964844,54.630001068115234,56.84000015258789,18453700,FSLR
288,2015-02-25,58.540000915527344,59.2400016784668,56.119998931884766,56.150001525878906,15704700,FSLR
289,2015-02-26,58.68000030517578,59.560001373291016,56.70000076293945,57.79999923706055,6521100,FSLR
290,2015-02-27,59.75,60.209999084472656,58.220001220703125,58.900001525878906,4014600,FSLR
291,2015-03-02,61.11000061035156,61.209999084472656,59.02999877929688,59.40999984741211,3994600,FSLR
292,2015-03-03,60.68999862670898,61.41999816894531,60.119998931884766,60.93000030517578,3146800,FSLR
293,2015-03-04,61.20000076293945,61.310001373291016,60.04999923706055,60.52000045776367,2505200,FSLR
294,2015-03-05,61.65999984741211,61.900001525878906,60.91999816894531,61.400001525878906,2339600,FSLR
295,2015-03-06,60.61000061035156,62.27000045776367,60.310001373291016,61.11000061035156,2342100,FSLR
296,2015-03-09,61.060001373291016,61.9900016784668,60.29999923706055,60.81999969482422,2701400,FSLR
297,2015-03-10,59.86000061035156,60.5099983215332,59.5,60.310001373291016,2159400,FSLR
298,2015-03-11,59.290000915527344,60.33000183105469,59.27000045776367,60.13999938964844,1897400,FSLR
299,2015-03-12,60.61000061035156,60.75,59.38999938964844,59.47999954223633,2075600,FSLR
300,2015-03-13,60.59999847412109,60.77999877929688,59.7599983215332,60.220001220703125,1570200,FSLR
301,2015-03-16,60.220001220703125,60.97999954223633,59.130001068115234,60.27000045776367,1964500,FSLR
302,2015-03-17,60.4900016784668,61.380001068115234,59.70000076293945,59.88999938964844,2311800,FSLR
303,2015-03-18,61.43000030517578,61.869998931884766,59.84999847412109,60.08000183105469,2026300,FSLR
304,2015-03-19,60.29999923706055,61.58000183105469,60.119998931884766,61.119998931884766,1776500,FSLR
305,2015-03-20,60.2599983215332,60.9900016784668,59.70000076293945,60.66999816894531,2893400,FSLR
306,2015-03-23,60.58000183105469,61.150001525878906,59.7400016784668,60.060001373291016,2197900,FSLR
307,2015-03-24,62.52000045776367,63.09999847412109,60.36000061035156,60.36000061035156,2890300,FSLR
308,2015-03-25,60.09000015258789,62.790000915527344,60.04999923706055,62.70000076293945,2662200,FSLR
309,2015-03-26,59.619998931884766,60.38999938964844,58.61000061035156,59.52999877929688,2022700,FSLR
310,2015-03-27,59.61000061035156,60.09000015258789,58.790000915527344,59.400001525878906,1321400,FSLR
311,2015-03-30,60.68999862670898,61.04999923706055,59.720001220703125,59.720001220703125,1535400,FSLR
312,2015-03-31,59.790000915527344,60.68999862670898,59.41999816894531,60.02999877929688,1797300,FSLR
313,2015-04-01,60.83000183105469,61.310001373291016,59.0099983215332,59.84000015258789,1759000,FSLR
314,2015-04-02,61.18999862670898,61.95000076293945,60.77999877929688,61.0,1228100,FSLR
315,2015-04-06,61.5099983215332,62.0,60.5,60.720001220703125,1224300,FSLR
316,2015-04-07,61.27000045776367,62.650001525878906,61.2400016784668,61.560001373291016,1456000,FSLR
317,2015-04-08,60.650001525878906,61.77000045776367,60.0099983215332,61.58000183105469,1893900,FSLR
318,2015-04-09,61.18000030517578,61.4900016784668,60.5,60.5,968200,FSLR
319,2015-04-10,61.29999923706055,61.70000076293945,61.02000045776367,61.36000061035156,774000,FSLR
320,2015-04-13,61.40999984741211,61.70000076293945,61.09000015258789,61.400001525878906,823500,FSLR
321,2015-04-14,61.06999969482422,61.70000076293945,60.52000045776367,61.540000915527344,918300,FSLR
322,2015-04-15,63.7400016784668,64.08999633789062,60.900001525878906,61.459999084472656,3716800,FSLR
323,2015-04-16,62.88999938964844,63.709999084472656,62.130001068115234,63.709999084472656,1939300,FSLR
324,2015-04-17,61.93999862670898,62.84000015258789,61.27999877929688,62.34000015258789,1798100,FSLR
325,2015-04-20,62.25,62.56999969482422,61.52000045776367,62.2599983215332,1077500,FSLR
326,2015-04-21,63.11000061035156,63.119998931884766,61.79999923706055,62.45000076293945,1453900,FSLR
327,2015-04-22,63.88999938964844,64.4000015258789,63.0,63.43999862670898,1934600,FSLR
328,2015-04-23,64.75,65.08999633789062,63.29999923706055,64.0,1584100,FSLR
329,2015-04-24,63.43000030517578,65.5,63.15999984741211,65.41999816894531,1507300,FSLR
330,2015-04-27,62.91999816894531,64.25,62.709999084472656,63.86000061035156,1332500,FSLR
331,2015-04-28,63.56999969482422,63.709999084472656,62.09999847412109,62.869998931884766,1585300,FSLR
332,2015-04-29,61.93999862670898,63.470001220703125,61.68999862670898,63.130001068115234,1979700,FSLR
333,2015-04-30,59.66999816894531,62.36000061035156,59.36000061035156,61.72999954223633,3440700,FSLR
334,2015-05-01,57.34000015258789,59.970001220703125,56.59999847412109,57.5,6218700,FSLR
335,2015-05-04,56.77999877929688,57.81999969482422,56.31999969482422,57.130001068115234,2830000,FSLR
336,2015-05-05,56.810001373291016,57.77999877929688,56.5,56.83000183105469,2777200,FSLR
337,2015-05-06,55.65999984741211,57.220001220703125,55.150001525878906,57.02999877929688,2207900,FSLR
338,2015-05-07,56.31999969482422,56.56999969482422,54.56999969482422,55.290000915527344,2771100,FSLR
339,2015-05-08,56.369998931884766,56.970001220703125,56.09999847412109,56.90999984741211,1670800,FSLR
340,2015-05-11,56.380001068115234,56.93000030517578,56.29999923706055,56.40999984741211,1300100,FSLR
341,2015-05-12,56.04999923706055,56.470001220703125,55.369998931884766,56.18999862670898,1259900,FSLR
342,2015-05-13,56.77000045776367,57.150001525878906,56.0099983215332,56.13999938964844,1040400,FSLR
343,2015-05-14,56.560001373291016,57.09000015258789,56.22999954223633,57.04999923706055,1131600,FSLR
344,2015-05-15,56.720001220703125,56.970001220703125,56.150001525878906,56.34999847412109,839600,FSLR
345,2015-05-18,56.18000030517578,56.83000183105469,56.02999877929688,56.81999969482422,1121300,FSLR
346,2015-05-19,55.27999877929688,56.540000915527344,55.0,56.18000030517578,1326600,FSLR
347,2015-05-20,54.91999816894531,55.72999954223633,54.70000076293945,55.40999984741211,1297000,FSLR
348,2015-05-21,55.88999938964844,56.65999984741211,55.150001525878906,55.20000076293945,1481500,FSLR
349,2015-05-22,55.06999969482422,56.02999877929688,54.900001525878906,55.75,1188900,FSLR
350,2015-05-26,51.060001373291016,53.02999877929688,50.709999084472656,53.02999877929688,5167600,FSLR
351,2015-05-27,51.27999877929688,51.59999847412109,50.560001373291016,51.04999923706055,2291600,FSLR
352,2015-05-28,50.75,51.52000045776367,50.45000076293945,51.2400016784668,1650800,FSLR
353,2015-05-29,49.709999084472656,50.70000076293945,49.70000076293945,50.52000045776367,1847900,FSLR
354,2015-06-01,49.900001525878906,50.52999877929688,49.2599983215332,49.7599983215332,1991100,FSLR
355,2015-06-02,50.95000076293945,51.59999847412109,49.400001525878906,49.79999923706055,1998600,FSLR
356,2015-06-03,50.83000183105469,51.7400016784668,50.61000061035156,50.970001220703125,1569800,FSLR
357,2015-06-04,49.66999816894531,50.790000915527344,49.5,50.59999847412109,2102700,FSLR
358,2015-06-05,51.29999923706055,51.470001220703125,49.380001068115234,49.869998931884766,2669500,FSLR
359,2015-06-08,49.84999847412109,51.4900016784668,49.61000061035156,51.04999923706055,1820200,FSLR
360,2015-06-09,49.16999816894531,50.2400016784668,49.0099983215332,49.95000076293945,1410500,FSLR
361,2015-06-10,50.290000915527344,51.369998931884766,49.220001220703125,49.47999954223633,2447000,FSLR
362,2015-06-11,50.43000030517578,50.79999923706055,50.02000045776367,50.369998931884766,1168300,FSLR
363,2015-06-12,50.47999954223633,50.97999954223633,50.119998931884766,50.290000915527344,1135400,FSLR
364,2015-06-15,53.47999954223633,53.66999816894531,50.02999877929688,50.08000183105469,3979900,FSLR
365,2015-06-16,52.150001525878906,53.66999816894531,51.970001220703125,53.369998931884766,2418500,FSLR
366,2015-06-17,51.7599983215332,53.130001068115234,51.220001220703125,52.459999084472656,2199400,FSLR
367,2015-06-18,51.97999954223633,52.47999954223633,51.70000076293945,52.130001068115234,1753500,FSLR
368,2015-06-19,51.02999877929688,52.970001220703125,50.63999938964844,52.040000915527344,6904900,FSLR
369,2015-06-22,51.11000061035156,51.61000061035156,50.810001373291016,51.15999984741211,1153100,FSLR
370,2015-06-23,51.4900016784668,52.09999847412109,50.880001068115234,51.290000915527344,1556600,FSLR
371,2015-06-24,51.36000061035156,51.93999862670898,51.09999847412109,51.25,1772200,FSLR
372,2015-06-25,50.970001220703125,51.869998931884766,50.900001525878906,51.630001068115234,1493700,FSLR
373,2015-06-26,49.95000076293945,51.09999847412109,49.650001525878906,50.95000076293945,1746100,FSLR
374,2015-06-29,47.84000015258789,49.16999816894531,47.77999877929688,48.95000076293945,2853000,FSLR
375,2015-06-30,46.97999954223633,48.43999862670898,46.84000015258789,48.41999816894531,2494400,FSLR
376,2015-07-01,46.040000915527344,47.75,45.650001525878906,47.31999969482422,2375900,FSLR
377,2015-07-02,45.16999816894531,46.27999877929688,45.13999938964844,46.02999877929688,2389300,FSLR
378,2015-07-06,44.18999862670898,44.91999816894531,43.95000076293945,44.880001068115234,2035000,FSLR
379,2015-07-07,45.119998931884766,45.13999938964844,42.709999084472656,44.0,3769500,FSLR
380,2015-07-08,43.27000045776367,45.0,43.15999984741211,44.68000030517578,2159200,FSLR
381,2015-07-09,43.650001525878906,45.220001220703125,43.56999969482422,44.5,1883000,FSLR
382,2015-07-10,44.02999877929688,44.75,43.619998931884766,44.310001373291016,1349000,FSLR
383,2015-07-13,46.0099983215332,46.060001373291016,44.43999862670898,44.54999923706055,2454200,FSLR
384,2015-07-14,45.810001373291016,47.0099983215332,45.56999969482422,46.43999862670898,2940700,FSLR
385,2015-07-15,44.4900016784668,45.93999862670898,44.11000061035156,45.720001220703125,2210900,FSLR
386,2015-07-16,44.7599983215332,45.209999084472656,44.11000061035156,44.7599983215332,1244100,FSLR
387,2015-07-17,43.95000076293945,44.70000076293945,43.75,44.619998931884766,1418100,FSLR
388,2015-07-20,43.27999877929688,44.5,43.22999954223633,44.4900016784668,1841600,FSLR
389,2015-07-21,43.47999954223633,43.97999954223633,42.86000061035156,43.11000061035156,1452900,FSLR
390,2015-07-22,42.5,43.25,42.25,43.09999847412109,1742200,FSLR
391,2015-07-23,42.7400016784668,43.63999938964844,42.56999969482422,42.56999969482422,1767800,FSLR
392,2015-07-24,42.970001220703125,43.25,42.25,42.91999816894531,1818400,FSLR
393,2015-07-27,42.27000045776367,42.619998931884766,41.560001373291016,42.43000030517578,1888900,FSLR
394,2015-07-28,43.380001068115234,43.65999984741211,41.65999984741211,42.5,1719800,FSLR
395,2015-07-29,45.540000915527344,45.959999084472656,43.130001068115234,43.5099983215332,2765900,FSLR
396,2015-07-30,45.310001373291016,45.93000030517578,44.58000183105469,45.88999938964844,1597100,FSLR
397,2015-07-31,44.29999923706055,45.400001525878906,44.2599983215332,45.310001373291016,1529000,FSLR
398,2015-08-03,43.68999862670898,44.79999923706055,43.27999877929688,44.70000076293945,1939000,FSLR
399,2015-08-04,44.5,44.790000915527344,43.41999816894531,43.70000076293945,3645800,FSLR
400,2015-08-05,51.91999816894531,53.09000015258789,49.0099983215332,50.119998931884766,11124100,FSLR
401,2015-08-06,51.20000076293945,53.47999954223633,50.09999847412109,52.45000076293945,4630200,FSLR
402,2015-08-07,52.08000183105469,52.70000076293945,50.79999923706055,51.310001373291016,2783500,FSLR
403,2015-08-10,53.47999954223633,53.630001068115234,52.45000076293945,52.5,2666400,FSLR
404,2015-08-11,51.43999862670898,53.20000076293945,51.310001373291016,52.77000045776367,2516800,FSLR
405,2015-08-12,51.880001068115234,52.18999862670898,49.72999954223633,50.77000045776367,2695100,FSLR
406,2015-08-13,51.11000061035156,52.5,51.0099983215332,51.619998931884766,1469800,FSLR
407,2015-08-14,51.5099983215332,52.29999923706055,51.13999938964844,51.18999862670898,1139900,FSLR
408,2015-08-17,51.7400016784668,51.93999862670898,50.650001525878906,51.09000015258789,1346500,FSLR
409,2015-08-18,51.630001068115234,52.29999923706055,50.93000030517578,51.66999816894531,1611700,FSLR
410,2015-08-19,49.93999862670898,51.27999877929688,48.84999847412109,51.06999969482422,3084100,FSLR
411,2015-08-20,47.90999984741211,49.59999847412109,47.84999847412109,49.369998931884766,2059200,FSLR
412,2015-08-21,45.27000045776367,48.04999923706055,45.2599983215332,47.290000915527344,3651700,FSLR
413,2015-08-24,43.61000061035156,46.29999923706055,40.25,40.79999923706055,3818700,FSLR
414,2015-08-25,44.380001068115234,47.369998931884766,44.310001373291016,45.9900016784668,2834100,FSLR
415,2015-08-26,46.09000015258789,46.22999954223633,44.040000915527344,45.709999084472656,1990100,FSLR
416,2015-08-27,47.84000015258789,48.04999923706055,46.400001525878906,47.470001220703125,2079600,FSLR
417,2015-08-28,47.79999923706055,49.220001220703125,47.060001373291016,47.34999847412109,1910900,FSLR
418,2015-08-31,47.84000015258789,48.79999923706055,46.81999969482422,47.5,1218700,FSLR
419,2015-09-01,47.2599983215332,48.790000915527344,46.38999938964844,46.93000030517578,1915100,FSLR
420,2015-09-02,47.959999084472656,48.40999984741211,46.84999847412109,48.0,1596300,FSLR
421,2015-09-03,48.290000915527344,49.380001068115234,47.900001525878906,48.0099983215332,1329100,FSLR
422,2015-09-04,46.93999862670898,48.0,46.61000061035156,47.47999954223633,1091000,FSLR
423,2015-09-08,49.11000061035156,49.13999938964844,47.5,47.720001220703125,1412600,FSLR
424,2015-09-09,47.72999954223633,50.459999084472656,47.59999847412109,49.7599983215332,1683200,FSLR
425,2015-09-10,48.220001220703125,49.31999969482422,47.900001525878906,48.36000061035156,1581200,FSLR
426,2015-09-11,48.790000915527344,48.86000061035156,47.709999084472656,47.81999969482422,1339300,FSLR
427,2015-09-14,46.20000076293945,48.459999084472656,45.84999847412109,48.369998931884766,2583100,FSLR
428,2015-09-15,46.58000183105469,46.790000915527344,45.59999847412109,46.20000076293945,1649900,FSLR
429,2015-09-16,47.7599983215332,48.40999984741211,46.61000061035156,46.650001525878906,1792100,FSLR
430,2015-09-17,46.91999816894531,48.04999923706055,46.75,47.95000076293945,1391900,FSLR
431,2015-09-18,45.33000183105469,46.41999816894531,45.08000183105469,46.18999862670898,3862900,FSLR
432,2015-09-21,45.13999938964844,45.91999816894531,44.79999923706055,45.56999969482422,1247000,FSLR
433,2015-09-22,44.41999816894531,44.7599983215332,43.900001525878906,44.27999877929688,1599700,FSLR
434,2015-09-23,43.369998931884766,44.869998931884766,43.310001373291016,44.619998931884766,1632000,FSLR
435,2015-09-24,43.63999938964844,43.900001525878906,42.150001525878906,43.09999847412109,1695100,FSLR
436,2015-09-25,43.290000915527344,44.83000183105469,42.93999862670898,44.209999084472656,1206100,FSLR
437,2015-09-28,40.810001373291016,43.20000076293945,40.5099983215332,43.0,1870700,FSLR
438,2015-09-29,41.02000045776367,42.33000183105469,40.720001220703125,41.0099983215332,1765500,FSLR
439,2015-09-30,42.75,42.84999847412109,41.47999954223633,41.4900016784668,1496200,FSLR
440,2015-10-01,42.68000030517578,43.34999847412109,41.970001220703125,42.560001373291016,1469500,FSLR
441,2015-10-02,45.459999084472656,45.470001220703125,41.900001525878906,42.2400016784668,1747300,FSLR
442,2015-10-05,46.65999984741211,47.22999954223633,45.66999816894531,45.88999938964844,1604100,FSLR
443,2015-10-06,48.880001068115234,49.15999984741211,46.68000030517578,46.77000045776367,2695600,FSLR
444,2015-10-07,49.90999984741211,50.83000183105469,48.220001220703125,49.86000061035156,2566600,FSLR
445,2015-10-08,51.119998931884766,51.45000076293945,49.45000076293945,49.84999847412109,1604100,FSLR
446,2015-10-09,51.20000076293945,51.59999847412109,50.43999862670898,51.119998931884766,1399400,FSLR
447,2015-10-12,50.83000183105469,51.310001373291016,50.11000061035156,51.209999084472656,1270600,FSLR
448,2015-10-13,50.58000183105469,51.79999923706055,50.0,50.459999084472656,1175400,FSLR
449,2015-10-14,51.95000076293945,52.45000076293945,50.5,50.810001373291016,1383100,FSLR
450,2015-10-15,52.47999954223633,52.75,51.560001373291016,52.2599983215332,1533800,FSLR
451,2015-10-16,52.04999923706055,52.630001068115234,51.08000183105469,52.54999923706055,1160800,FSLR
452,2015-10-19,51.18999862670898,52.290000915527344,50.880001068115234,51.70000076293945,980600,FSLR
453,2015-10-20,51.77000045776367,52.4900016784668,50.810001373291016,51.119998931884766,951500,FSLR
454,2015-10-21,49.93999862670898,51.900001525878906,49.84000015258789,51.869998931884766,1475600,FSLR
455,2015-10-22,49.88999938964844,50.95000076293945,49.09999847412109,50.54999923706055,1718000,FSLR
456,2015-10-23,50.43000030517578,50.88999938964844,49.220001220703125,50.310001373291016,1376100,FSLR
457,2015-10-26,50.56999969482422,51.68999862670898,49.810001373291016,50.970001220703125,1251000,FSLR
458,2015-10-27,49.15999984741211,50.36000061035156,48.58000183105469,50.18999862670898,1284700,FSLR
459,2015-10-28,50.84999847412109,50.93000030517578,48.880001068115234,49.38999938964844,1772100,FSLR
460,2015-10-29,50.9900016784668,52.150001525878906,50.25,51.34999847412109,3001400,FSLR
461,2015-10-30,57.06999969482422,58.43000030517578,54.650001525878906,56.900001525878906,6634100,FSLR
462,2015-11-02,57.77999877929688,57.81999969482422,55.81999969482422,56.650001525878906,2937800,FSLR
463,2015-11-03,58.34999847412109,59.54999923706055,57.27999877929688,57.43999862670898,2654600,FSLR
464,2015-11-04,58.65999984741211,58.880001068115234,57.709999084472656,58.400001525878906,1728600,FSLR
465,2015-11-05,58.33000183105469,59.40999984741211,57.70000076293945,58.93999862670898,1641600,FSLR
466,2015-11-06,59.66999816894531,59.84999847412109,58.04999923706055,58.18999862670898,1505100,FSLR
467,2015-11-09,58.38999938964844,59.79999923706055,57.61000061035156,59.40999984741211,1523500,FSLR
468,2015-11-10,55.869998931884766,58.59999847412109,54.630001068115234,58.52000045776367,3854200,FSLR
469,2015-11-11,54.75,56.29999923706055,54.06999969482422,56.02000045776367,2317200,FSLR
470,2015-11-12,53.91999816894531,55.400001525878906,53.43000030517578,54.40999984741211,2147000,FSLR
471,2015-11-13,52.720001220703125,54.06999969482422,52.15999984741211,53.720001220703125,2263900,FSLR
472,2015-11-16,54.18000030517578,54.290000915527344,52.43000030517578,52.77999877929688,1390000,FSLR
473,2015-11-17,52.75,54.70000076293945,52.38999938964844,54.54999923706055,1821500,FSLR
474,2015-11-18,53.93999862670898,54.130001068115234,52.83000183105469,53.06999969482422,1489300,FSLR
475,2015-11-19,53.27999877929688,53.56999969482422,52.79999923706055,53.400001525878906,961400,FSLR
476,2015-11-20,54.43999862670898,54.7599983215332,53.34000015258789,53.400001525878906,1344400,FSLR
477,2015-11-23,54.880001068115234,55.31999969482422,53.630001068115234,54.31999969482422,1401700,FSLR
478,2015-11-24,56.16999816894531,56.369998931884766,54.38999938964844,54.59000015258789,1230200,FSLR
479,2015-11-25,56.400001525878906,57.2599983215332,55.84000015258789,56.040000915527344,1092300,FSLR
480,2015-11-27,56.09999847412109,56.18999862670898,55.38999938964844,56.16999816894531,686100,FSLR
481,2015-11-30,56.5099983215332,57.130001068115234,56.09999847412109,56.18000030517578,1472600,FSLR
482,2015-12-01,58.18000030517578,58.290000915527344,56.59999847412109,56.59999847412109,1607900,FSLR
483,2015-12-02,59.66999816894531,60.31999969482422,57.95000076293945,58.060001373291016,3719900,FSLR
484,2015-12-03,59.459999084472656,62.04999923706055,58.65999984741211,60.0,2700100,FSLR
485,2015-12-04,59.84000015258789,60.0099983215332,58.4900016784668,59.060001373291016,1537800,FSLR
486,2015-12-07,59.31999969482422,59.59000015258789,58.220001220703125,59.290000915527344,1852100,FSLR
487,2015-12-08,59.06999969482422,59.25,56.959999084472656,58.43000030517578,2753100,FSLR
488,2015-12-09,58.84999847412109,61.91999816894531,58.41999816894531,59.459999084472656,3186300,FSLR
489,2015-12-10,54.34999847412109,55.38999938964844,52.5099983215332,54.31999969482422,7515700,FSLR
490,2015-12-11,55.2599983215332,56.59999847412109,53.5,53.95000076293945,3212000,FSLR
491,2015-12-14,58.40999984741211,58.47999954223633,55.040000915527344,55.790000915527344,3441900,FSLR
492,2015-12-15,59.83000183105469,60.34999847412109,58.119998931884766,58.86000061035156,4589800,FSLR
493,2015-12-16,65.62000274658203,66.3499984741211,63.400001525878906,63.52000045776367,7207200,FSLR
494,2015-12-17,64.4800033569336,66.6500015258789,64.02999877929688,66.5,3326300,FSLR
495,2015-12-18,63.40999984741211,65.33999633789062,63.290000915527344,63.84000015258789,3311500,FSLR
496,2015-12-21,65.73999786376953,66.1500015258789,64.5,64.6500015258789,2778900,FSLR
497,2015-12-22,64.98999786376953,65.62999725341797,63.72999954223633,65.47000122070312,1872300,FSLR
498,2015-12-23,66.16999816894531,66.5199966430664,65.3499984741211,65.48999786376953,1334900,FSLR
499,2015-12-24,66.91999816894531,67.80000305175781,66.25,66.26000213623047,921200,FSLR
500,2015-12-28,66.4000015258789,66.80000305175781,65.11000061035156,66.52999877929688,1026300,FSLR
501,2015-12-29,66.41000366210938,66.94999694824219,65.44999694824219,66.69999694824219,1048600,FSLR
502,2015-12-30,66.98999786376953,67.16000366210938,66.01000213623047,66.2300033569336,1342100,FSLR
503,2015-12-31,65.98999786376953,67.06999969482422,65.98999786376953,66.51000213623047,1515500,FSLR
504,2016-01-04,66.72000122070312,66.76000213623047,64.0999984741211,64.70999908447266,2126900,FSLR
505,2016-01-05,72.02999877929688,72.12000274658203,70.11000061035156,70.55999755859375,6385400,FSLR
506,2016-01-06,69.5199966430664,71.44999694824219,68.41999816894531,71.0,2947100,FSLR
507,2016-01-07,66.22000122070312,68.69999694824219,65.3499984741211,67.63999938964844,4091000,FSLR
508,2016-01-08,65.62000274658203,67.94999694824219,64.7300033569336,67.43000030517578,3035700,FSLR
509,2016-01-11,65.41999816894531,66.72000122070312,64.37000274658203,65.83999633789062,1744400,FSLR
510,2016-01-12,65.22000122070312,66.54000091552734,63.06999969482422,65.9800033569336,2307800,FSLR
511,2016-01-13,61.369998931884766,66.2699966430664,61.08000183105469,65.5199966430664,2544400,FSLR
512,2016-01-14,61.77999877929688,62.59999847412109,57.540000915527344,60.79999923706055,3851500,FSLR
513,2016-01-15,61.31999969482422,61.63999938964844,58.79999923706055,59.58000183105469,2377300,FSLR
514,2016-01-19,61.4900016784668,63.150001525878906,60.7400016784668,62.209999084472656,2236300,FSLR
515,2016-01-20,61.27000045776367,62.0,57.20000076293945,60.400001525878906,3311500,FSLR
516,2016-01-21,63.22999954223633,64.52999877929688,60.86000061035156,61.290000915527344,2420000,FSLR
517,2016-01-22,66.44000244140625,66.94000244140625,64.29000091552734,65.0999984741211,3006000,FSLR
518,2016-01-25,64.13999938964844,66.58999633789062,63.93000030517578,66.55999755859375,1866000,FSLR
519,2016-01-26,67.4000015258789,67.5999984741211,64.44000244140625,64.76000213623047,1920800,FSLR
520,2016-01-27,65.63999938964844,67.7300033569336,65.22000122070312,66.93000030517578,1893400,FSLR
521,2016-01-28,65.87999725341797,67.43000030517578,64.18000030517578,66.8499984741211,2228100,FSLR
522,2016-01-29,68.66000366210938,68.69999694824219,65.80000305175781,65.91999816894531,2328800,FSLR
523,2016-02-01,69.12999725341797,69.7699966430664,66.73999786376953,68.0999984741211,1963500,FSLR
524,2016-02-02,66.12999725341797,68.73999786376953,65.61000061035156,68.05000305175781,1967500,FSLR
525,2016-02-03,66.48999786376953,67.1500015258789,64.0999984741211,66.94000244140625,1760700,FSLR
526,2016-02-04,67.19999694824219,68.48999786376953,66.05000305175781,66.38999938964844,1672800,FSLR
527,2016-02-05,65.06999969482422,66.87999725341797,64.86000061035156,66.70999908447266,1656900,FSLR
528,2016-02-08,64.18000030517578,65.06999969482422,62.959999084472656,63.5,2133200,FSLR
529,2016-02-09,66.4800033569336,66.8499984741211,62.540000915527344,63.02999877929688,2393100,FSLR
530,2016-02-10,64.41000366210938,65.72000122070312,63.790000915527344,64.66000366210938,2386200,FSLR
531,2016-02-11,61.36000061035156,64.06999969482422,60.09999847412109,63.0,3052000,FSLR
532,2016-02-12,60.9900016784668,62.79999923706055,58.08000183105469,62.29999923706055,2939900,FSLR
533,2016-02-16,63.04999923706055,63.310001373291016,61.66999816894531,61.97999954223633,1652300,FSLR
534,2016-02-17,63.470001220703125,64.19999694824219,62.16999816894531,63.70000076293945,2212900,FSLR
535,2016-02-18,63.540000915527344,64.83000183105469,62.5,64.29000091552734,1803300,FSLR
536,2016-02-19,62.7599983215332,63.5,61.43999862670898,63.02999877929688,1721200,FSLR
537,2016-02-22,64.2300033569336,65.55999755859375,63.45000076293945,63.560001373291016,2374500,FSLR
538,2016-02-23,61.790000915527344,64.55999755859375,61.27000045776367,63.79999923706055,3264100,FSLR
539,2016-02-24,69.44999694824219,70.56999969482422,63.95000076293945,63.959999084472656,7957900,FSLR
540,2016-02-25,72.25,72.5199966430664,68.54000091552734,69.33000183105469,5107500,FSLR
541,2016-02-26,70.25,73.37000274658203,69.87999725341797,72.25,3541700,FSLR
542,2016-02-29,71.87000274658203,73.70999908447266,70.0199966430664,70.27999877929688,3395300,FSLR
543,2016-03-01,69.0199966430664,71.41000366210938,68.37000274658203,71.36000061035156,3348300,FSLR
544,2016-03-02,69.13999938964844,70.5999984741211,68.52999877929688,68.94999694824219,2038100,FSLR
545,2016-03-03,69.70999908447266,70.5,68.66000366210938,69.58000183105469,1705800,FSLR
546,2016-03-04,69.5199966430664,71.20999908447266,68.70999908447266,70.16000366210938,1926500,FSLR
547,2016-03-07,69.18000030517578,70.48999786376953,68.3499984741211,69.16999816894531,1357800,FSLR
548,2016-03-08,66.87000274658203,69.16999816894531,66.58000183105469,68.44999694824219,1725300,FSLR
549,2016-03-09,68.48999786376953,68.75,66.70999908447266,67.29000091552734,1566100,FSLR
550,2016-03-10,69.25,69.52999877929688,67.80999755859375,68.31999969482422,1666300,FSLR
551,2016-03-11,70.31999969482422,70.55999755859375,68.51000213623047,70.0,1861400,FSLR
552,2016-03-14,70.88999938964844,71.18000030517578,69.5999984741211,70.3499984741211,1303900,FSLR
553,2016-03-15,70.77999877929688,70.98999786376953,69.86000061035156,70.25,1283000,FSLR
554,2016-03-16,72.05999755859375,73.19000244140625,70.02999877929688,70.1500015258789,2329900,FSLR
555,2016-03-17,73.20999908447266,73.52999877929688,71.69999694824219,72.38999938964844,1635300,FSLR
556,2016-03-18,72.44000244140625,74.29000091552734,72.30000305175781,73.43000030517578,2284300,FSLR
557,2016-03-21,71.23999786376953,72.62000274658203,71.04000091552734,72.20999908447266,1598300,FSLR
558,2016-03-22,71.29000091552734,71.56999969482422,70.2300033569336,70.62000274658203,1369000,FSLR
559,2016-03-23,68.2300033569336,71.30000305175781,68.13999938964844,71.25,1925100,FSLR
560,2016-03-24,68.45999908447266,68.83999633789062,66.61000061035156,67.9800033569336,1512000,FSLR
561,2016-03-28,68.4000015258789,69.30000305175781,67.52999877929688,68.55000305175781,1335200,FSLR
562,2016-03-29,69.30000305175781,69.72000122070312,67.76000213623047,68.1500015258789,1260500,FSLR
563,2016-03-30,68.97000122070312,70.29000091552734,68.91000366210938,69.87999725341797,1268200,FSLR
564,2016-03-31,68.47000122070312,69.63999938964844,68.4000015258789,68.7300033569336,1392500,FSLR
565,2016-04-01,67.4800033569336,68.47000122070312,66.77999877929688,67.87999725341797,1794900,FSLR
566,2016-04-04,67.23999786376953,69.01000213623047,67.08999633789062,67.36000061035156,1578300,FSLR
567,2016-04-05,62.41999816894531,65.97000122070312,62.29999923706055,65.2300033569336,4834700,FSLR
568,2016-04-06,62.7599983215332,63.59000015258789,61.470001220703125,62.91999816894531,3187900,FSLR
569,2016-04-07,61.2599983215332,62.79999923706055,60.7599983215332,62.43000030517578,2425500,FSLR
570,2016-04-08,60.630001068115234,62.13999938964844,60.27000045776367,61.95000076293945,2147600,FSLR
571,2016-04-11,59.959999084472656,61.209999084472656,59.630001068115234,61.0,2363200,FSLR
572,2016-04-12,60.34000015258789,60.84999847412109,59.5,59.93000030517578,1488300,FSLR
573,2016-04-13,61.650001525878906,63.09000015258789,61.040000915527344,61.25,2624000,FSLR
574,2016-04-14,60.41999816894531,61.619998931884766,60.380001068115234,61.58000183105469,1801800,FSLR
575,2016-04-15,59.59000015258789,60.93999862670898,59.27000045776367,60.33000183105469,1692900,FSLR
576,2016-04-18,60.36000061035156,60.68999862670898,59.0,59.43000030517578,1208900,FSLR
577,2016-04-19,60.52000045776367,61.4900016784668,60.16999816894531,60.59000015258789,1280600,FSLR
578,2016-04-20,61.720001220703125,62.59999847412109,60.02000045776367,60.40999984741211,1900800,FSLR
579,2016-04-21,61.93999862670898,62.68999862670898,61.65999984741211,61.79999923706055,1481600,FSLR
580,2016-04-22,61.540000915527344,62.77000045776367,61.22999954223633,62.22999954223633,1475600,FSLR
581,2016-04-25,60.38999938964844,61.34000015258789,60.18000030517578,61.15999984741211,1476400,FSLR
582,2016-04-26,61.2400016784668,61.34000015258789,60.459999084472656,60.59999847412109,1369700,FSLR
583,2016-04-27,62.02999877929688,62.13999938964844,61.02999877929688,61.11000061035156,2947600,FSLR
584,2016-04-28,57.02000045776367,59.40999984741211,56.880001068115234,59.04999923706055,6931400,FSLR
585,2016-04-29,55.84000015258789,57.209999084472656,55.18999862670898,56.93000030517578,3341500,FSLR
586,2016-05-02,54.84999847412109,56.31999969482422,54.540000915527344,56.2599983215332,2505500,FSLR
587,2016-05-03,52.84999847412109,54.540000915527344,52.709999084472656,54.540000915527344,3035200,FSLR
588,2016-05-04,51.77999877929688,52.66999816894531,51.31999969482422,52.459999084472656,2872300,FSLR
589,2016-05-05,51.959999084472656,52.5099983215332,51.61000061035156,52.25,2098600,FSLR
590,2016-05-06,51.79999923706055,52.59999847412109,51.369998931884766,51.869998931884766,1787400,FSLR
591,2016-05-09,50.59999847412109,51.790000915527344,50.02999877929688,51.77999877929688,1489800,FSLR
592,2016-05-10,51.27000045776367,51.5,49.90999984741211,50.0,2578600,FSLR
593,2016-05-11,50.7400016784668,51.970001220703125,50.68999862670898,51.5099983215332,1901100,FSLR
594,2016-05-12,49.09000015258789,51.470001220703125,49.0,50.95000076293945,2457200,FSLR
595,2016-05-13,48.560001373291016,49.79999923706055,48.4900016784668,49.04999923706055,1982500,FSLR
596,2016-05-16,49.06999969482422,49.7400016784668,48.75,48.84999847412109,1612600,FSLR
597,2016-05-17,48.5099983215332,49.29999923706055,48.33000183105469,49.06999969482422,1772400,FSLR
598,2016-05-18,48.709999084472656,49.66999816894531,48.04999923706055,48.16999816894531,1765600,FSLR
599,2016-05-19,47.09000015258789,48.88999938964844,46.66999816894531,48.400001525878906,3056100,FSLR
600,2016-05-20,48.02000045776367,48.22999954223633,47.0,47.369998931884766,1967900,FSLR
601,2016-05-23,49.040000915527344,49.77000045776367,48.11000061035156,48.11000061035156,2278800,FSLR
602,2016-05-24,50.459999084472656,50.66999816894531,49.36000061035156,49.56999969482422,2525500,FSLR
603,2016-05-25,50.560001373291016,51.33000183105469,49.93999862670898,51.0099983215332,2026300,FSLR
604,2016-05-26,49.72999954223633,50.5099983215332,49.27999877929688,50.41999816894531,1553400,FSLR
605,2016-05-27,49.900001525878906,50.09000015258789,49.27999877929688,49.630001068115234,1059100,FSLR
606,2016-05-31,49.650001525878906,50.43000030517578,49.310001373291016,49.91999816894531,1644800,FSLR
607,2016-06-01,50.06999969482422,50.27999877929688,48.84999847412109,49.77999877929688,1573800,FSLR
608,2016-06-02,49.84000015258789,50.33000183105469,49.400001525878906,49.58000183105469,1255400,FSLR
609,2016-06-03,49.25,50.16999816894531,48.84000015258789,49.93000030517578,1445600,FSLR
610,2016-06-06,50.150001525878906,50.220001220703125,49.060001373291016,49.060001373291016,1557100,FSLR
611,2016-06-07,50.54999923706055,51.0,49.970001220703125,50.45000076293945,1386500,FSLR
612,2016-06-08,50.93000030517578,51.29999923706055,50.20000076293945,50.720001220703125,1489900,FSLR
613,2016-06-09,50.45000076293945,51.27999877929688,50.2400016784668,50.7400016784668,1440200,FSLR
614,2016-06-10,48.5099983215332,50.0,48.20000076293945,49.959999084472656,1672600,FSLR
615,2016-06-13,47.790000915527344,48.38999938964844,47.36000061035156,48.040000915527344,1827400,FSLR
616,2016-06-14,47.88999938964844,48.2400016784668,47.220001220703125,47.7400016784668,1549600,FSLR
617,2016-06-15,48.20000076293945,49.0,47.93000030517578,47.959999084472656,1356500,FSLR
618,2016-06-16,48.38999938964844,48.540000915527344,47.11000061035156,47.88999938964844,1315300,FSLR
619,2016-06-17,48.52000045776367,49.02000045776367,48.22999954223633,48.43000030517578,1600800,FSLR
620,2016-06-20,49.31999969482422,50.400001525878906,49.2599983215332,49.400001525878906,1744600,FSLR
621,2016-06-21,48.90999984741211,49.5099983215332,48.0,49.400001525878906,1343100,FSLR
622,2016-06-22,48.619998931884766,49.33000183105469,48.560001373291016,49.29999923706055,1075800,FSLR
623,2016-06-23,48.650001525878906,49.33000183105469,48.18999862670898,49.08000183105469,1275700,FSLR
624,2016-06-24,46.02000045776367,47.4900016784668,45.72999954223633,46.5099983215332,2064900,FSLR
625,2016-06-27,44.22999954223633,45.45000076293945,43.70000076293945,45.18000030517578,2580900,FSLR
626,2016-06-28,46.369998931884766,46.45000076293945,44.79999923706055,44.9900016784668,1888700,FSLR
627,2016-06-29,48.09000015258789,48.34999847412109,46.97999954223633,47.16999816894531,2671500,FSLR
628,2016-06-30,48.47999954223633,48.5,47.68999862670898,48.2599983215332,2431200,FSLR
629,2016-07-01,48.4900016784668,48.77000045776367,48.130001068115234,48.38999938964844,1490500,FSLR
630,2016-07-05,47.77000045776367,48.27999877929688,47.04999923706055,48.209999084472656,1896700,FSLR
631,2016-07-06,49.130001068115234,49.18000030517578,47.06999969482422,47.68999862670898,3521400,FSLR
632,2016-07-07,44.34000015258789,47.619998931884766,44.060001373291016,47.5,10446700,FSLR
633,2016-07-08,45.59999847412109,45.7599983215332,44.650001525878906,44.68999862670898,3572600,FSLR
634,2016-07-11,46.4900016784668,46.68999862670898,44.91999816894531,45.0,2939100,FSLR
635,2016-07-12,46.9900016784668,47.47999954223633,46.45000076293945,46.86000061035156,2048500,FSLR
636,2016-07-13,46.20000076293945,47.400001525878906,46.13999938964844,47.25,1529400,FSLR
637,2016-07-14,47.34999847412109,47.7400016784668,46.560001373291016,46.66999816894531,1849500,FSLR
638,2016-07-15,47.72999954223633,47.810001373291016,46.560001373291016,47.59000015258789,2027000,FSLR
639,2016-07-18,47.95000076293945,48.06999969482422,47.34999847412109,47.91999816894531,2272900,FSLR
640,2016-07-19,47.7400016784668,48.06999969482422,47.47999954223633,47.93000030517578,1147000,FSLR
641,2016-07-20,48.43000030517578,48.93000030517578,47.79999923706055,47.93000030517578,1999200,FSLR
642,2016-07-21,48.33000183105469,49.25,48.18999862670898,48.59000015258789,1683100,FSLR
643,2016-07-22,48.119998931884766,48.68000030517578,47.34000015258789,48.43000030517578,1677900,FSLR
644,2016-07-25,47.9900016784668,48.119998931884766,47.400001525878906,48.0,1074200,FSLR
645,2016-07-26,48.58000183105469,48.7400016784668,48.02000045776367,48.13999938964844,1206200,FSLR
646,2016-07-27,48.54999923706055,49.18999862670898,48.2599983215332,49.060001373291016,1107700,FSLR
647,2016-07-28,47.130001068115234,48.900001525878906,46.900001525878906,48.59000015258789,1865300,FSLR
648,2016-07-29,46.68000030517578,47.43999862670898,46.52000045776367,47.25,1684600,FSLR
649,2016-08-01,47.380001068115234,47.58000183105469,46.75,46.90999984741211,2413100,FSLR
650,2016-08-02,47.7599983215332,47.77000045776367,46.810001373291016,47.25,2985900,FSLR
651,2016-08-03,49.2400016784668,49.27999877929688,47.52000045776367,47.52999877929688,4430100,FSLR
652,2016-08-04,43.720001220703125,49.5,42.77000045776367,49.47999954223633,18975900,FSLR
653,2016-08-05,44.11000061035156,44.33000183105469,43.27000045776367,44.13999938964844,4496000,FSLR
654,2016-08-08,43.810001373291016,44.86000061035156,43.630001068115234,44.29999923706055,2665700,FSLR
655,2016-08-09,41.65999984741211,43.810001373291016,41.619998931884766,43.77000045776367,5356900,FSLR
656,2016-08-10,38.65999984741211,40.5,36.83000183105469,40.310001373291016,14023300,FSLR
657,2016-08-11,39.0099983215332,39.70000076293945,38.72999954223633,39.59000015258789,3951800,FSLR
658,2016-08-12,38.790000915527344,39.119998931884766,38.22999954223633,39.06999969482422,3254600,FSLR
659,2016-08-15,38.33000183105469,38.95000076293945,38.310001373291016,38.880001068115234,2730500,FSLR
660,2016-08-16,37.7400016784668,38.33000183105469,37.369998931884766,38.290000915527344,3186700,FSLR
661,2016-08-17,36.88999938964844,37.650001525878906,36.75,37.58000183105469,3769000,FSLR
662,2016-08-18,37.52000045776367,38.27999877929688,37.25,37.709999084472656,3773200,FSLR
663,2016-08-19,37.79999923706055,38.20000076293945,37.220001220703125,37.54999923706055,2942000,FSLR
664,2016-08-22,37.68000030517578,37.869998931884766,37.130001068115234,37.79999923706055,2390700,FSLR
665,2016-08-23,37.45000076293945,38.0,37.380001068115234,37.7400016784668,1701100,FSLR
666,2016-08-24,37.31999969482422,37.84000015258789,37.150001525878906,37.33000183105469,2468800,FSLR
667,2016-08-25,37.040000915527344,37.27999877929688,36.79999923706055,37.150001525878906,2584900,FSLR
668,2016-08-26,37.52999877929688,38.13999938964844,37.25,37.31999969482422,2969700,FSLR
669,2016-08-29,37.59000015258789,38.040000915527344,37.5,37.68999862670898,2203200,FSLR
670,2016-08-30,38.25,38.27999877929688,37.5,37.5,2310500,FSLR
671,2016-08-31,37.81999969482422,37.88999938964844,37.27999877929688,37.7599983215332,2700000,FSLR
672,2016-09-01,38.43999862670898,38.470001220703125,37.66999816894531,37.81999969482422,2409400,FSLR
673,2016-09-02,38.18000030517578,39.09000015258789,38.11000061035156,38.4900016784668,2501200,FSLR
674,2016-09-06,38.97999954223633,39.310001373291016,38.119998931884766,38.470001220703125,3331800,FSLR
675,2016-09-07,38.4900016784668,39.09999847412109,38.0,39.0,2198400,FSLR
676,2016-09-08,38.470001220703125,38.58000183105469,37.5099983215332,37.77999877929688,2945200,FSLR
677,2016-09-09,37.130001068115234,38.43999862670898,37.130001068115234,38.2400016784668,2727000,FSLR
678,2016-09-12,37.43000030517578,37.5,36.369998931884766,36.900001525878906,2470100,FSLR
679,2016-09-13,36.41999816894531,37.20000076293945,36.16999816894531,37.06999969482422,2660000,FSLR
680,2016-09-14,35.029998779296875,36.45000076293945,34.5,36.310001373291016,5061900,FSLR
681,2016-09-15,35.349998474121094,35.400001525878906,34.5,35.0,4546600,FSLR
682,2016-09-16,34.81999969482422,35.45000076293945,34.369998931884766,35.150001525878906,3227200,FSLR
683,2016-09-19,34.41999816894531,35.20000076293945,34.400001525878906,35.0,2546200,FSLR
684,2016-09-20,34.0,34.650001525878906,33.7400016784668,34.650001525878906,2839900,FSLR
685,2016-09-21,34.029998779296875,34.56999969482422,33.86000061035156,34.099998474121094,2537900,FSLR
686,2016-09-22,35.41999816894531,35.880001068115234,34.08000183105469,34.36000061035156,4032400,FSLR
687,2016-09-23,37.060001373291016,37.45000076293945,35.36000061035156,35.369998931884766,4412900,FSLR
688,2016-09-26,37.25,37.43000030517578,36.34999847412109,36.869998931884766,3196800,FSLR
689,2016-09-27,39.09000015258789,39.11000061035156,37.29999923706055,37.380001068115234,4312500,FSLR
690,2016-09-28,39.08000183105469,39.66999816894531,38.2400016784668,39.0099983215332,3294800,FSLR
691,2016-09-29,39.08000183105469,40.33000183105469,38.900001525878906,39.060001373291016,3488100,FSLR
692,2016-09-30,39.4900016784668,39.84999847412109,39.02999877929688,39.220001220703125,2818100,FSLR
693,2016-10-03,38.56999969482422,39.650001525878906,38.380001068115234,39.650001525878906,2388400,FSLR
694,2016-10-04,38.209999084472656,38.75,37.869998931884766,38.630001068115234,2376200,FSLR
695,2016-10-05,39.7400016784668,39.880001068115234,38.45000076293945,38.52000045776367,2665100,FSLR
696,2016-10-06,39.75,40.04999923706055,39.060001373291016,39.93999862670898,2082600,FSLR
697,2016-10-07,37.58000183105469,39.09999847412109,37.22999954223633,38.81999969482422,4532400,FSLR
698,2016-10-10,38.58000183105469,38.66999816894531,37.68999862670898,37.79999923706055,2008000,FSLR
699,2016-10-11,38.27999877929688,38.9900016784668,38.0099983215332,38.560001373291016,1447900,FSLR
700,2016-10-12,38.2400016784668,38.31999969482422,37.470001220703125,38.119998931884766,1349500,FSLR
701,2016-10-13,38.68000030517578,39.09000015258789,37.4900016784668,37.75,1794200,FSLR
702,2016-10-14,39.470001220703125,39.95000076293945,39.0099983215332,39.0099983215332,1974400,FSLR
703,2016-10-17,39.29999923706055,39.72999954223633,38.619998931884766,39.5,1971200,FSLR
704,2016-10-18,39.56999969482422,39.970001220703125,39.18000030517578,39.66999816894531,1899400,FSLR
705,2016-10-19,41.91999816894531,42.5,39.54999923706055,39.65999984741211,4860400,FSLR
706,2016-10-20,42.08000183105469,42.18000030517578,41.16999816894531,41.5099983215332,2791000,FSLR
707,2016-10-21,42.25,42.31999969482422,41.33000183105469,41.91999816894531,2664500,FSLR
708,2016-10-24,40.869998931884766,42.900001525878906,40.75,42.43000030517578,2521200,FSLR
709,2016-10-25,40.68000030517578,41.27999877929688,40.34999847412109,40.9900016784668,2526000,FSLR
710,2016-10-26,41.11000061035156,41.540000915527344,40.400001525878906,40.5,1525900,FSLR
711,2016-10-27,41.060001373291016,41.70000076293945,40.790000915527344,41.52000045776367,1614700,FSLR
712,2016-10-28,40.650001525878906,41.33000183105469,40.16999816894531,41.09000015258789,2284000,FSLR
713,2016-10-31,40.4900016784668,41.13999938964844,40.38999938964844,40.70000076293945,1696600,FSLR
714,2016-11-01,41.04999923706055,41.25,40.27999877929688,40.56999969482422,2798300,FSLR
715,2016-11-02,40.58000183105469,41.22999954223633,40.31999969482422,40.79999923706055,3735600,FSLR
716,2016-11-03,34.5099983215332,38.59999847412109,32.900001525878906,38.5,19076600,FSLR
717,2016-11-04,32.47999954223633,34.400001525878906,32.40999984741211,34.380001068115234,7940700,FSLR
718,2016-11-07,33.7599983215332,34.099998474121094,33.31999969482422,33.630001068115234,4627100,FSLR
719,2016-11-08,33.4900016784668,33.849998474121094,32.86000061035156,33.72999954223633,3343400,FSLR
720,2016-11-09,32.099998474121094,32.7599983215332,30.850000381469727,30.90999984741211,7958800,FSLR
721,2016-11-10,31.950000762939453,32.7400016784668,31.030000686645508,32.41999816894531,4974700,FSLR
722,2016-11-11,32.060001373291016,32.209999084472656,31.350000381469727,31.56999969482422,3493500,FSLR
723,2016-11-14,33.08000183105469,33.439998626708984,32.189998626708984,32.380001068115234,3603000,FSLR
724,2016-11-15,33.189998626708984,33.4900016784668,32.560001373291016,33.15999984741211,3807100,FSLR
725,2016-11-16,32.81999969482422,33.130001068115234,32.279998779296875,33.029998779296875,3913700,FSLR
726,2016-11-17,31.15999984741211,32.4900016784668,28.600000381469727,29.049999237060547,12617000,FSLR
727,2016-11-18,29.209999084472656,30.950000762939453,29.049999237060547,30.540000915527344,7522600,FSLR
728,2016-11-21,29.3799991607666,29.670000076293945,28.8799991607666,29.40999984741211,4460300,FSLR
729,2016-11-22,29.65999984741211,30.0,29.290000915527344,29.46999931335449,3961200,FSLR
730,2016-11-23,29.780000686645508,29.81999969482422,28.84000015258789,29.450000762939453,2466400,FSLR
731,2016-11-25,30.600000381469727,31.059999465942383,29.790000915527344,29.799999237060547,2350200,FSLR
732,2016-11-28,31.11000061035156,31.46999931335449,30.56999969482422,30.709999084472656,2808000,FSLR
733,2016-11-29,29.950000762939453,31.38999938964844,29.770000457763672,31.100000381469727,4011300,FSLR
734,2016-11-30,30.31999969482422,30.75,29.809999465942383,30.32999992370605,2903300,FSLR
735,2016-12-01,30.13999938964844,30.799999237060547,29.649999618530277,30.46999931335449,2363700,FSLR
736,2016-12-02,30.149999618530277,30.709999084472656,29.989999771118164,30.21999931335449,2310300,FSLR
737,2016-12-05,32.349998474121094,32.52000045776367,30.18000030517578,30.18000030517578,4769800,FSLR
738,2016-12-06,32.04999923706055,32.5,31.309999465942383,32.459999084472656,2946400,FSLR
739,2016-12-07,33.59000015258789,33.869998931884766,31.850000381469727,32.16999816894531,3445400,FSLR
740,2016-12-08,33.16999816894531,33.779998779296875,32.779998779296875,33.7400016784668,2276100,FSLR
741,2016-12-09,33.540000915527344,33.83000183105469,33.06999969482422,33.310001373291016,2052900,FSLR
742,2016-12-12,33.70000076293945,34.279998779296875,33.38999938964844,33.59000015258789,1919000,FSLR
743,2016-12-13,33.619998931884766,33.9900016784668,33.029998779296875,33.869998931884766,1859800,FSLR
744,2016-12-14,32.540000915527344,33.689998626708984,32.470001220703125,33.630001068115234,2150400,FSLR
745,2016-12-15,32.61000061035156,33.060001373291016,32.06999969482422,32.63999938964844,1299400,FSLR
746,2016-12-16,35.11000061035156,35.11000061035156,32.61000061035156,32.77000045776367,5523100,FSLR
747,2016-12-19,34.97999954223633,35.40999984741211,34.560001373291016,35.0,2504900,FSLR
748,2016-12-20,34.470001220703125,35.52000045776367,34.16999816894531,35.06999969482422,2044900,FSLR
749,2016-12-21,33.20000076293945,34.650001525878906,33.18000030517578,34.5,2087300,FSLR
750,2016-12-22,32.68000030517578,33.099998474121094,32.08000183105469,33.04999923706055,2130400,FSLR
751,2016-12-23,32.619998931884766,32.97999954223633,32.25,32.619998931884766,1056500,FSLR
752,2016-12-27,33.9900016784668,34.220001220703125,32.72999954223633,32.75,1965700,FSLR
753,2016-12-28,32.79999923706055,34.22999954223633,32.709999084472656,34.099998474121094,1739300,FSLR
754,2016-12-29,32.56999969482422,33.209999084472656,32.40999984741211,32.849998474121094,1687200,FSLR
755,2016-12-30,32.09000015258789,32.790000915527344,31.940000534057617,32.599998474121094,2076100,FSLR
